0.0                  0.0                  0.6993006993006993   0.6013986013986014  
0.0                  0.05263157894736842  0.9440559440559441   0.11188811188811189 
0.0                  0.10526315789473684  0.958041958041958    0.08391608391608392 
0.0                  0.15789473684210525  0.965034965034965    0.06993006993006994 
0.0                  0.21052631578947367  0.9440559440559441   0.11188811188811189 
0.0                  0.2631578947368421   0.986013986013986    0.027972027972027972
0.0                  0.3157894736842105   0.958041958041958    0.08391608391608392 
0.0                  0.3684210526315789   0.916083916083916    0.16783216783216784 
0.0                  0.42105263157894735  0.9790209790209791   0.04195804195804196 
0.0                  0.47368421052631576  0.986013986013986    0.027972027972027972
0.0                  0.5263157894736842   0.9300699300699301   0.13986013986013987 
0.0                  0.5789473684210527   0.986013986013986    0.027972027972027972
0.0                  0.631578947368421    0.965034965034965    0.06993006993006994 
0.0                  0.6842105263157894   0.986013986013986    0.027972027972027972
0.0                  0.7368421052631579   0.986013986013986    0.027972027972027972
0.0                  0.7894736842105263   0.986013986013986    0.027972027972027972
0.0                  0.8421052631578947   0.972027972027972    0.055944055944055944
0.0                  0.894736842105263    0.986013986013986    0.027972027972027972
0.0                  0.9473684210526315   0.986013986013986    0.027972027972027972
0.0                  1.0                  0.972027972027972    0.055944055944055944
0.5263157894736842   0.0                  0.6993006993006993   0.6013986013986014  
0.5263157894736842   0.05263157894736842  0.7202797202797203   0.5594405594405595  
0.5263157894736842   0.10526315789473684  0.7132867132867133   0.5734265734265734  
0.5263157894736842   0.15789473684210525  0.7272727272727273   0.5454545454545454  
0.5263157894736842   0.21052631578947367  0.7342657342657343   0.5314685314685315  
0.5263157894736842   0.2631578947368421   0.7482517482517482   0.5034965034965035  
0.5263157894736842   0.3157894736842105   0.7552447552447552   0.48951048951048953 
0.5263157894736842   0.3684210526315789   0.7552447552447552   0.48951048951048953 
0.5263157894736842   0.42105263157894735  0.7552447552447552   0.48951048951048953 
0.5263157894736842   0.47368421052631576  0.7622377622377622   0.4755244755244755  
0.5263157894736842   0.5263157894736842   0.7622377622377622   0.4755244755244755  
0.5263157894736842   0.5789473684210527   0.7622377622377622   0.4755244755244755  
0.5263157894736842   0.631578947368421    0.7622377622377622   0.4755244755244755  
0.5263157894736842   0.6842105263157894   0.7622377622377622   0.4755244755244755  
0.5263157894736842   0.7368421052631579   0.7622377622377622   0.4755244755244755  
0.5263157894736842   0.7894736842105263   0.7622377622377622   0.4755244755244755  
0.5263157894736842   0.8421052631578947   0.7622377622377622   0.4755244755244755  
0.5263157894736842   0.894736842105263    0.7622377622377622   0.4755244755244755  
0.5263157894736842   0.9473684210526315   0.7762237762237763   0.44755244755244755 
0.5263157894736842   1.0                  0.7762237762237763   0.44755244755244755 
1.0526315789473684   0.0                  0.6993006993006993   0.6013986013986014  
1.0526315789473684   0.05263157894736842  0.7202797202797203   0.5594405594405595  
1.0526315789473684   0.10526315789473684  0.7622377622377622   0.4755244755244755  
1.0526315789473684   0.15789473684210525  0.7692307692307693   0.46153846153846156 
1.0526315789473684   0.21052631578947367  0.7692307692307693   0.46153846153846156 
1.0526315789473684   0.2631578947368421   0.7832167832167832   0.43356643356643354 
1.0526315789473684   0.3157894736842105   0.7832167832167832   0.43356643356643354 
1.0526315789473684   0.3684210526315789   0.7832167832167832   0.43356643356643354 
1.0526315789473684   0.42105263157894735  0.7902097902097902   0.4195804195804196  
1.0526315789473684   0.47368421052631576  0.7272727272727273   0.5454545454545454  
1.0526315789473684   0.5263157894736842   0.7272727272727273   0.5454545454545454  
1.0526315789473684   0.5789473684210527   0.7272727272727273   0.5454545454545454  
1.0526315789473684   0.631578947368421    0.7272727272727273   0.5454545454545454  
1.0526315789473684   0.6842105263157894   0.7272727272727273   0.5454545454545454  
1.0526315789473684   0.7368421052631579   0.7272727272727273   0.5454545454545454  
1.0526315789473684   0.7894736842105263   0.7272727272727273   0.5454545454545454  
1.0526315789473684   0.8421052631578947   0.7202797202797203   0.5594405594405595  
1.0526315789473684   0.894736842105263    0.7202797202797203   0.5594405594405595  
1.0526315789473684   0.9473684210526315   0.7272727272727273   0.5454545454545454  
1.0526315789473684   1.0                  0.7272727272727273   0.5454545454545454  
1.5789473684210527   0.0                  0.6993006993006993   0.6013986013986014  
1.5789473684210527   0.05263157894736842  0.7552447552447552   0.48951048951048953 
1.5789473684210527   0.10526315789473684  0.7692307692307693   0.46153846153846156 
1.5789473684210527   0.15789473684210525  0.7692307692307693   0.46153846153846156 
1.5789473684210527   0.21052631578947367  0.7832167832167832   0.43356643356643354 
1.5789473684210527   0.2631578947368421   0.7272727272727273   0.5454545454545454  
1.5789473684210527   0.3157894736842105   0.7272727272727273   0.5454545454545454  
1.5789473684210527   0.3684210526315789   0.7272727272727273   0.5454545454545454  
1.5789473684210527   0.42105263157894735  0.7272727272727273   0.5454545454545454  
1.5789473684210527   0.47368421052631576  0.7272727272727273   0.5454545454545454  
1.5789473684210527   0.5263157894736842   0.7272727272727273   0.5454545454545454  
1.5789473684210527   0.5789473684210527   0.7272727272727273   0.5454545454545454  
1.5789473684210527   0.631578947368421    0.7272727272727273   0.5454545454545454  
1.5789473684210527   0.6842105263157894   0.7342657342657343   0.5314685314685315  
1.5789473684210527   0.7368421052631579   0.7342657342657343   0.5314685314685315  
1.5789473684210527   0.7894736842105263   0.7272727272727273   0.5454545454545454  
1.5789473684210527   0.8421052631578947   0.7272727272727273   0.5454545454545454  
1.5789473684210527   0.894736842105263    0.7272727272727273   0.5454545454545454  
1.5789473684210527   0.9473684210526315   0.7412587412587412   0.5174825174825175  
1.5789473684210527   1.0                  0.7552447552447552   0.48951048951048953 
2.1052631578947367   0.0                  0.6993006993006993   0.6013986013986014  
2.1052631578947367   0.05263157894736842  0.7622377622377622   0.4755244755244755  
2.1052631578947367   0.10526315789473684  0.7692307692307693   0.46153846153846156 
2.1052631578947367   0.15789473684210525  0.7412587412587412   0.5174825174825175  
2.1052631578947367   0.21052631578947367  0.7342657342657343   0.5314685314685315  
2.1052631578947367   0.2631578947368421   0.7272727272727273   0.5454545454545454  
2.1052631578947367   0.3157894736842105   0.7272727272727273   0.5454545454545454  
2.1052631578947367   0.3684210526315789   0.7272727272727273   0.5454545454545454  
2.1052631578947367   0.42105263157894735  0.7272727272727273   0.5454545454545454  
2.1052631578947367   0.47368421052631576  0.7272727272727273   0.5454545454545454  
2.1052631578947367   0.5263157894736842   0.7202797202797203   0.5594405594405595  
2.1052631578947367   0.5789473684210527   0.7342657342657343   0.5314685314685315  
2.1052631578947367   0.631578947368421    0.7272727272727273   0.5454545454545454  
2.1052631578947367   0.6842105263157894   0.6643356643356644   0.6713286713286714  
2.1052631578947367   0.7368421052631579   0.7552447552447552   0.48951048951048953 
2.1052631578947367   0.7894736842105263   0.7202797202797203   0.5594405594405595  
2.1052631578947367   0.8421052631578947   0.6643356643356644   0.6713286713286714  
2.1052631578947367   0.894736842105263    0.3986013986013986   1.2027972027972027  
2.1052631578947367   0.9473684210526315   0.5804195804195804   0.8391608391608392  
2.1052631578947367   1.0                  0.38461538461538464  1.2307692307692308  
2.631578947368421    0.0                  0.6993006993006993   0.6013986013986014  
2.631578947368421    0.05263157894736842  0.7692307692307693   0.46153846153846156 
2.631578947368421    0.10526315789473684  0.7832167832167832   0.43356643356643354 
2.631578947368421    0.15789473684210525  0.7902097902097902   0.4195804195804196  
2.631578947368421    0.21052631578947367  0.7272727272727273   0.5454545454545454  
2.631578947368421    0.2631578947368421   0.7272727272727273   0.5454545454545454  
2.631578947368421    0.3157894736842105   0.7272727272727273   0.5454545454545454  
2.631578947368421    0.3684210526315789   0.7272727272727273   0.5454545454545454  
2.631578947368421    0.42105263157894735  0.7202797202797203   0.5594405594405595  
2.631578947368421    0.47368421052631576  0.7132867132867133   0.5734265734265734  
2.631578947368421    0.5263157894736842   0.6993006993006993   0.6013986013986014  
2.631578947368421    0.5789473684210527   0.7622377622377622   0.4755244755244755  
2.631578947368421    0.631578947368421    0.7202797202797203   0.5594405594405595  
2.631578947368421    0.6842105263157894   0.6363636363636364   0.7272727272727273  
2.631578947368421    0.7368421052631579   0.3146853146853147   1.3706293706293706  
2.631578947368421    0.7894736842105263   0.38461538461538464  1.2307692307692308  
2.631578947368421    0.8421052631578947   0.38461538461538464  1.2307692307692308  
2.631578947368421    0.894736842105263    0.38461538461538464  1.2307692307692308  
2.631578947368421    0.9473684210526315   0.38461538461538464  1.2307692307692308  
2.631578947368421    1.0                  0.38461538461538464  1.2307692307692308  
3.1578947368421053   0.0                  0.6993006993006993   0.6013986013986014  
3.1578947368421053   0.05263157894736842  0.7692307692307693   0.46153846153846156 
3.1578947368421053   0.10526315789473684  0.7832167832167832   0.43356643356643354 
3.1578947368421053   0.15789473684210525  0.7692307692307693   0.46153846153846156 
3.1578947368421053   0.21052631578947367  0.7762237762237763   0.44755244755244755 
3.1578947368421053   0.2631578947368421   0.7272727272727273   0.5454545454545454  
3.1578947368421053   0.3157894736842105   0.7272727272727273   0.5454545454545454  
3.1578947368421053   0.3684210526315789   0.7132867132867133   0.5734265734265734  
3.1578947368421053   0.42105263157894735  0.6923076923076923   0.6153846153846154  
3.1578947368421053   0.47368421052631576  0.7132867132867133   0.5734265734265734  
3.1578947368421053   0.5263157894736842   0.7202797202797203   0.5594405594405595  
3.1578947368421053   0.5789473684210527   0.6433566433566433   0.7132867132867133  
3.1578947368421053   0.631578947368421    0.7622377622377622   0.4755244755244755  
3.1578947368421053   0.6842105263157894   0.38461538461538464  1.2307692307692308  
3.1578947368421053   0.7368421052631579   0.38461538461538464  1.2307692307692308  
3.1578947368421053   0.7894736842105263   0.38461538461538464  1.2307692307692308  
3.1578947368421053   0.8421052631578947   0.38461538461538464  1.2307692307692308  
3.1578947368421053   0.894736842105263    0.38461538461538464  1.2307692307692308  
3.1578947368421053   0.9473684210526315   0.38461538461538464  1.2307692307692308  
3.1578947368421053   1.0                  0.38461538461538464  1.2307692307692308  
3.6842105263157894   0.0                  0.6993006993006993   0.6013986013986014  
3.6842105263157894   0.05263157894736842  0.7762237762237763   0.44755244755244755 
3.6842105263157894   0.10526315789473684  0.7902097902097902   0.4195804195804196  
3.6842105263157894   0.15789473684210525  0.7692307692307693   0.46153846153846156 
3.6842105263157894   0.21052631578947367  0.7972027972027972   0.40559440559440557 
3.6842105263157894   0.2631578947368421   0.7272727272727273   0.5454545454545454  
3.6842105263157894   0.3157894736842105   0.7132867132867133   0.5734265734265734  
3.6842105263157894   0.3684210526315789   0.6993006993006993   0.6013986013986014  
3.6842105263157894   0.42105263157894735  0.7692307692307693   0.46153846153846156 
3.6842105263157894   0.47368421052631576  0.6713286713286714   0.6573426573426573  
3.6842105263157894   0.5263157894736842   0.6083916083916084   0.7832167832167832  
3.6842105263157894   0.5789473684210527   0.38461538461538464  1.2307692307692308  
3.6842105263157894   0.631578947368421    0.38461538461538464  1.2307692307692308  
3.6842105263157894   0.6842105263157894   0.38461538461538464  1.2307692307692308  
3.6842105263157894   0.7368421052631579   0.38461538461538464  1.2307692307692308  
3.6842105263157894   0.7894736842105263   0.38461538461538464  1.2307692307692308  
3.6842105263157894   0.8421052631578947   0.38461538461538464  1.2307692307692308  
3.6842105263157894   0.894736842105263    0.38461538461538464  1.2307692307692308  
3.6842105263157894   0.9473684210526315   0.38461538461538464  1.2307692307692308  
3.6842105263157894   1.0                  0.38461538461538464  1.2307692307692308  
4.2105263157894735   0.0                  0.6993006993006993   0.6013986013986014  
4.2105263157894735   0.05263157894736842  0.7832167832167832   0.43356643356643354 
4.2105263157894735   0.10526315789473684  0.7902097902097902   0.4195804195804196  
4.2105263157894735   0.15789473684210525  0.7762237762237763   0.44755244755244755 
4.2105263157894735   0.21052631578947367  0.8111888111888111   0.3776223776223776  
4.2105263157894735   0.2631578947368421   0.7202797202797203   0.5594405594405595  
4.2105263157894735   0.3157894736842105   0.8321678321678322   0.3356643356643357  
4.2105263157894735   0.3684210526315789   0.3916083916083916   1.2167832167832169  
4.2105263157894735   0.42105263157894735  0.8041958041958042   0.3916083916083916  
4.2105263157894735   0.47368421052631576  0.6083916083916084   0.7832167832167832  
4.2105263157894735   0.5263157894736842   0.38461538461538464  1.2307692307692308  
4.2105263157894735   0.5789473684210527   0.38461538461538464  1.2307692307692308  
4.2105263157894735   0.631578947368421    0.38461538461538464  1.2307692307692308  
4.2105263157894735   0.6842105263157894   0.38461538461538464  1.2307692307692308  
4.2105263157894735   0.7368421052631579   0.38461538461538464  1.2307692307692308  
4.2105263157894735   0.7894736842105263   0.38461538461538464  1.2307692307692308  
4.2105263157894735   0.8421052631578947   0.38461538461538464  1.2307692307692308  
4.2105263157894735   0.894736842105263    0.38461538461538464  1.2307692307692308  
4.2105263157894735   0.9473684210526315   0.38461538461538464  1.2307692307692308  
4.2105263157894735   1.0                  0.38461538461538464  1.2307692307692308  
4.7368421052631575   0.0                  0.6993006993006993   0.6013986013986014  
4.7368421052631575   0.05263157894736842  0.7832167832167832   0.43356643356643354 
4.7368421052631575   0.10526315789473684  0.7832167832167832   0.43356643356643354 
4.7368421052631575   0.15789473684210525  0.7902097902097902   0.4195804195804196  
4.7368421052631575   0.21052631578947367  0.8181818181818182   0.36363636363636365 
4.7368421052631575   0.2631578947368421   0.7902097902097902   0.4195804195804196  
4.7368421052631575   0.3157894736842105   0.7692307692307693   0.46153846153846156 
4.7368421052631575   0.3684210526315789   0.32867132867132864  1.3426573426573427  
4.7368421052631575   0.42105263157894735  0.5594405594405595   0.8811188811188811  
4.7368421052631575   0.47368421052631576  0.38461538461538464  1.2307692307692308  
4.7368421052631575   0.5263157894736842   0.38461538461538464  1.2307692307692308  
4.7368421052631575   0.5789473684210527   0.38461538461538464  1.2307692307692308  
4.7368421052631575   0.631578947368421    0.38461538461538464  1.2307692307692308  
4.7368421052631575   0.6842105263157894   0.38461538461538464  1.2307692307692308  
4.7368421052631575   0.7368421052631579   0.38461538461538464  1.2307692307692308  
4.7368421052631575   0.7894736842105263   0.38461538461538464  1.2307692307692308  
4.7368421052631575   0.8421052631578947   0.38461538461538464  1.2307692307692308  
4.7368421052631575   0.894736842105263    0.38461538461538464  1.2307692307692308  
4.7368421052631575   0.9473684210526315   0.38461538461538464  1.2307692307692308  
4.7368421052631575   1.0                  0.38461538461538464  1.2307692307692308  
5.263157894736842    0.0                  0.6993006993006993   0.6013986013986014  
5.263157894736842    0.05263157894736842  0.7832167832167832   0.43356643356643354 
5.263157894736842    0.10526315789473684  0.7692307692307693   0.46153846153846156 
5.263157894736842    0.15789473684210525  0.8041958041958042   0.3916083916083916  
5.263157894736842    0.21052631578947367  0.8251748251748252   0.34965034965034963 
5.263157894736842    0.2631578947368421   0.6713286713286714   0.6573426573426573  
5.263157894736842    0.3157894736842105   0.7482517482517482   0.5034965034965035  
5.263157894736842    0.3684210526315789   0.7342657342657343   0.5314685314685315  
5.263157894736842    0.42105263157894735  0.38461538461538464  1.2307692307692308  
5.263157894736842    0.47368421052631576  0.38461538461538464  1.2307692307692308  
5.263157894736842    0.5263157894736842   0.38461538461538464  1.2307692307692308  
5.263157894736842    0.5789473684210527   0.38461538461538464  1.2307692307692308  
5.263157894736842    0.631578947368421    0.38461538461538464  1.2307692307692308  
5.263157894736842    0.6842105263157894   0.38461538461538464  1.2307692307692308  
5.263157894736842    0.7368421052631579   0.38461538461538464  1.2307692307692308  
5.263157894736842    0.7894736842105263   0.38461538461538464  1.2307692307692308  
5.263157894736842    0.8421052631578947   0.38461538461538464  1.2307692307692308  
5.263157894736842    0.894736842105263    0.38461538461538464  1.2307692307692308  
5.263157894736842    0.9473684210526315   0.38461538461538464  1.2307692307692308  
5.263157894736842    1.0                  0.38461538461538464  1.2307692307692308  
5.789473684210526    0.0                  0.6993006993006993   0.6013986013986014  
5.789473684210526    0.05263157894736842  0.7832167832167832   0.43356643356643354 
5.789473684210526    0.10526315789473684  0.7692307692307693   0.46153846153846156 
5.789473684210526    0.15789473684210525  0.8111888111888111   0.3776223776223776  
5.789473684210526    0.21052631578947367  0.8321678321678322   0.3356643356643357  
5.789473684210526    0.2631578947368421   0.9020979020979021   0.1958041958041958  
5.789473684210526    0.3157894736842105   0.7062937062937062   0.5874125874125874  
5.789473684210526    0.3684210526315789   0.38461538461538464  1.2307692307692308  
5.789473684210526    0.42105263157894735  0.38461538461538464  1.2307692307692308  
5.789473684210526    0.47368421052631576  0.38461538461538464  1.2307692307692308  
5.789473684210526    0.5263157894736842   0.38461538461538464  1.2307692307692308  
5.789473684210526    0.5789473684210527   0.38461538461538464  1.2307692307692308  
5.789473684210526    0.631578947368421    0.38461538461538464  1.2307692307692308  
5.789473684210526    0.6842105263157894   0.38461538461538464  1.2307692307692308  
5.789473684210526    0.7368421052631579   0.38461538461538464  1.2307692307692308  
5.789473684210526    0.7894736842105263   0.38461538461538464  1.2307692307692308  
5.789473684210526    0.8421052631578947   0.38461538461538464  1.2307692307692308  
5.789473684210526    0.894736842105263    0.38461538461538464  1.2307692307692308  
5.789473684210526    0.9473684210526315   0.38461538461538464  1.2307692307692308  
5.789473684210526    1.0                  0.38461538461538464  1.2307692307692308  
6.315789473684211    0.0                  0.6993006993006993   0.6013986013986014  
6.315789473684211    0.05263157894736842  0.7832167832167832   0.43356643356643354 
6.315789473684211    0.10526315789473684  0.7762237762237763   0.44755244755244755 
6.315789473684211    0.15789473684210525  0.8181818181818182   0.36363636363636365 
6.315789473684211    0.21052631578947367  0.6503496503496503   0.6993006993006993  
6.315789473684211    0.2631578947368421   0.6993006993006993   0.6013986013986014  
6.315789473684211    0.3157894736842105   0.7692307692307693   0.46153846153846156 
6.315789473684211    0.3684210526315789   0.38461538461538464  1.2307692307692308  
6.315789473684211    0.42105263157894735  0.38461538461538464  1.2307692307692308  
6.315789473684211    0.47368421052631576  0.38461538461538464  1.2307692307692308  
6.315789473684211    0.5263157894736842   0.38461538461538464  1.2307692307692308  
6.315789473684211    0.5789473684210527   0.38461538461538464  1.2307692307692308  
6.315789473684211    0.631578947368421    0.38461538461538464  1.2307692307692308  
6.315789473684211    0.6842105263157894   0.38461538461538464  1.2307692307692308  
6.315789473684211    0.7368421052631579   0.38461538461538464  1.2307692307692308  
6.315789473684211    0.7894736842105263   0.38461538461538464  1.2307692307692308  
6.315789473684211    0.8421052631578947   0.38461538461538464  1.2307692307692308  
6.315789473684211    0.894736842105263    0.38461538461538464  1.2307692307692308  
6.315789473684211    0.9473684210526315   0.38461538461538464  1.2307692307692308  
6.315789473684211    1.0                  0.38461538461538464  1.2307692307692308  
6.842105263157895    0.0                  0.6993006993006993   0.6013986013986014  
6.842105263157895    0.05263157894736842  0.8741258741258742   0.2517482517482518  
6.842105263157895    0.10526315789473684  0.7832167832167832   0.43356643356643354 
6.842105263157895    0.15789473684210525  0.8251748251748252   0.34965034965034963 
6.842105263157895    0.21052631578947367  0.7272727272727273   0.5454545454545454  
6.842105263157895    0.2631578947368421   0.7342657342657343   0.5314685314685315  
6.842105263157895    0.3157894736842105   0.38461538461538464  1.2307692307692308  
6.842105263157895    0.3684210526315789   0.38461538461538464  1.2307692307692308  
6.842105263157895    0.42105263157894735  0.38461538461538464  1.2307692307692308  
6.842105263157895    0.47368421052631576  0.38461538461538464  1.2307692307692308  
6.842105263157895    0.5263157894736842   0.38461538461538464  1.2307692307692308  
6.842105263157895    0.5789473684210527   0.38461538461538464  1.2307692307692308  
6.842105263157895    0.631578947368421    0.38461538461538464  1.2307692307692308  
6.842105263157895    0.6842105263157894   0.38461538461538464  1.2307692307692308  
6.842105263157895    0.7368421052631579   0.38461538461538464  1.2307692307692308  
6.842105263157895    0.7894736842105263   0.38461538461538464  1.2307692307692308  
6.842105263157895    0.8421052631578947   0.38461538461538464  1.2307692307692308  
6.842105263157895    0.894736842105263    0.38461538461538464  1.2307692307692308  
6.842105263157895    0.9473684210526315   0.38461538461538464  1.2307692307692308  
6.842105263157895    1.0                  0.38461538461538464  1.2307692307692308  
7.368421052631579    0.0                  0.6993006993006993   0.6013986013986014  
7.368421052631579    0.05263157894736842  0.8531468531468531   0.2937062937062937  
7.368421052631579    0.10526315789473684  0.7972027972027972   0.40559440559440557 
7.368421052631579    0.15789473684210525  0.8321678321678322   0.3356643356643357  
7.368421052631579    0.21052631578947367  0.7762237762237763   0.44755244755244755 
7.368421052631579    0.2631578947368421   0.7552447552447552   0.48951048951048953 
7.368421052631579    0.3157894736842105   0.38461538461538464  1.2307692307692308  
7.368421052631579    0.3684210526315789   0.38461538461538464  1.2307692307692308  
7.368421052631579    0.42105263157894735  0.38461538461538464  1.2307692307692308  
7.368421052631579    0.47368421052631576  0.38461538461538464  1.2307692307692308  
7.368421052631579    0.5263157894736842   0.38461538461538464  1.2307692307692308  
7.368421052631579    0.5789473684210527   0.38461538461538464  1.2307692307692308  
7.368421052631579    0.631578947368421    0.38461538461538464  1.2307692307692308  
7.368421052631579    0.6842105263157894   0.38461538461538464  1.2307692307692308  
7.368421052631579    0.7368421052631579   0.38461538461538464  1.2307692307692308  
7.368421052631579    0.7894736842105263   0.38461538461538464  1.2307692307692308  
7.368421052631579    0.8421052631578947   0.38461538461538464  1.2307692307692308  
7.368421052631579    0.894736842105263    0.38461538461538464  1.2307692307692308  
7.368421052631579    0.9473684210526315   0.38461538461538464  1.2307692307692308  
7.368421052631579    1.0                  0.38461538461538464  1.2307692307692308  
7.894736842105263    0.0                  0.6993006993006993   0.6013986013986014  
7.894736842105263    0.05263157894736842  0.8811188811188811   0.23776223776223776 
7.894736842105263    0.10526315789473684  0.6153846153846154   0.7692307692307693  
7.894736842105263    0.15789473684210525  0.5804195804195804   0.8391608391608392  
7.894736842105263    0.21052631578947367  0.7482517482517482   0.5034965034965035  
7.894736842105263    0.2631578947368421   0.38461538461538464  1.2307692307692308  
7.894736842105263    0.3157894736842105   0.38461538461538464  1.2307692307692308  
7.894736842105263    0.3684210526315789   0.38461538461538464  1.2307692307692308  
7.894736842105263    0.42105263157894735  0.38461538461538464  1.2307692307692308  
7.894736842105263    0.47368421052631576  0.38461538461538464  1.2307692307692308  
7.894736842105263    0.5263157894736842   0.38461538461538464  1.2307692307692308  
7.894736842105263    0.5789473684210527   0.38461538461538464  1.2307692307692308  
7.894736842105263    0.631578947368421    0.38461538461538464  1.2307692307692308  
7.894736842105263    0.6842105263157894   0.38461538461538464  1.2307692307692308  
7.894736842105263    0.7368421052631579   0.38461538461538464  1.2307692307692308  
7.894736842105263    0.7894736842105263   0.38461538461538464  1.2307692307692308  
7.894736842105263    0.8421052631578947   0.38461538461538464  1.2307692307692308  
7.894736842105263    0.894736842105263    0.38461538461538464  1.2307692307692308  
7.894736842105263    0.9473684210526315   0.38461538461538464  1.2307692307692308  
7.894736842105263    1.0                  0.38461538461538464  1.2307692307692308  
8.421052631578947    0.0                  0.6993006993006993   0.6013986013986014  
8.421052631578947    0.05263157894736842  0.8811188811188811   0.23776223776223776 
8.421052631578947    0.10526315789473684  0.6013986013986014   0.7972027972027972  
8.421052631578947    0.15789473684210525  0.5034965034965035   0.993006993006993   
8.421052631578947    0.21052631578947367  0.3356643356643357   1.3286713286713288  
8.421052631578947    0.2631578947368421   0.38461538461538464  1.2307692307692308  
8.421052631578947    0.3157894736842105   0.38461538461538464  1.2307692307692308  
8.421052631578947    0.3684210526315789   0.38461538461538464  1.2307692307692308  
8.421052631578947    0.42105263157894735  0.38461538461538464  1.2307692307692308  
8.421052631578947    0.47368421052631576  0.38461538461538464  1.2307692307692308  
8.421052631578947    0.5263157894736842   0.38461538461538464  1.2307692307692308  
8.421052631578947    0.5789473684210527   0.38461538461538464  1.2307692307692308  
8.421052631578947    0.631578947368421    0.38461538461538464  1.2307692307692308  
8.421052631578947    0.6842105263157894   0.38461538461538464  1.2307692307692308  
8.421052631578947    0.7368421052631579   0.38461538461538464  1.2307692307692308  
8.421052631578947    0.7894736842105263   0.38461538461538464  1.2307692307692308  
8.421052631578947    0.8421052631578947   0.38461538461538464  1.2307692307692308  
8.421052631578947    0.894736842105263    0.38461538461538464  1.2307692307692308  
8.421052631578947    0.9473684210526315   0.38461538461538464  1.2307692307692308  
8.421052631578947    1.0                  0.38461538461538464  1.2307692307692308  
8.947368421052632    0.0                  0.6993006993006993   0.6013986013986014  
8.947368421052632    0.05263157894736842  0.8811188811188811   0.23776223776223776 
8.947368421052632    0.10526315789473684  0.5804195804195804   0.8391608391608392  
8.947368421052632    0.15789473684210525  0.5384615384615384   0.9230769230769231  
8.947368421052632    0.21052631578947367  0.6083916083916084   0.7832167832167832  
8.947368421052632    0.2631578947368421   0.38461538461538464  1.2307692307692308  
8.947368421052632    0.3157894736842105   0.38461538461538464  1.2307692307692308  
8.947368421052632    0.3684210526315789   0.38461538461538464  1.2307692307692308  
8.947368421052632    0.42105263157894735  0.38461538461538464  1.2307692307692308  
8.947368421052632    0.47368421052631576  0.38461538461538464  1.2307692307692308  
8.947368421052632    0.5263157894736842   0.38461538461538464  1.2307692307692308  
8.947368421052632    0.5789473684210527   0.38461538461538464  1.2307692307692308  
8.947368421052632    0.631578947368421    0.38461538461538464  1.2307692307692308  
8.947368421052632    0.6842105263157894   0.38461538461538464  1.2307692307692308  
8.947368421052632    0.7368421052631579   0.38461538461538464  1.2307692307692308  
8.947368421052632    0.7894736842105263   0.38461538461538464  1.2307692307692308  
8.947368421052632    0.8421052631578947   0.38461538461538464  1.2307692307692308  
8.947368421052632    0.894736842105263    0.38461538461538464  1.2307692307692308  
8.947368421052632    0.9473684210526315   0.38461538461538464  1.2307692307692308  
8.947368421052632    1.0                  0.38461538461538464  1.2307692307692308  
9.473684210526315    0.0                  0.6993006993006993   0.6013986013986014  
9.473684210526315    0.05263157894736842  0.8811188811188811   0.23776223776223776 
9.473684210526315    0.10526315789473684  0.5594405594405595   0.8811188811188811  
9.473684210526315    0.15789473684210525  0.3916083916083916   1.2167832167832169  
9.473684210526315    0.21052631578947367  0.32867132867132864  1.3426573426573427  
9.473684210526315    0.2631578947368421   0.38461538461538464  1.2307692307692308  
9.473684210526315    0.3157894736842105   0.38461538461538464  1.2307692307692308  
9.473684210526315    0.3684210526315789   0.38461538461538464  1.2307692307692308  
9.473684210526315    0.42105263157894735  0.38461538461538464  1.2307692307692308  
9.473684210526315    0.47368421052631576  0.38461538461538464  1.2307692307692308  
9.473684210526315    0.5263157894736842   0.38461538461538464  1.2307692307692308  
9.473684210526315    0.5789473684210527   0.38461538461538464  1.2307692307692308  
9.473684210526315    0.631578947368421    0.38461538461538464  1.2307692307692308  
9.473684210526315    0.6842105263157894   0.38461538461538464  1.2307692307692308  
9.473684210526315    0.7368421052631579   0.38461538461538464  1.2307692307692308  
9.473684210526315    0.7894736842105263   0.38461538461538464  1.2307692307692308  
9.473684210526315    0.8421052631578947   0.38461538461538464  1.2307692307692308  
9.473684210526315    0.894736842105263    0.38461538461538464  1.2307692307692308  
9.473684210526315    0.9473684210526315   0.38461538461538464  1.2307692307692308  
9.473684210526315    1.0                  0.38461538461538464  1.2307692307692308  
10.0                 0.0                  0.6993006993006993   0.6013986013986014  
10.0                 0.05263157894736842  0.8531468531468531   0.2937062937062937  
10.0                 0.10526315789473684  0.5244755244755245   0.951048951048951   
10.0                 0.15789473684210525  0.8321678321678322   0.3356643356643357  
10.0                 0.21052631578947367  0.38461538461538464  1.2307692307692308  
10.0                 0.2631578947368421   0.38461538461538464  1.2307692307692308  
10.0                 0.3157894736842105   0.38461538461538464  1.2307692307692308  
10.0                 0.3684210526315789   0.38461538461538464  1.2307692307692308  
10.0                 0.42105263157894735  0.38461538461538464  1.2307692307692308  
10.0                 0.47368421052631576  0.38461538461538464  1.2307692307692308  
10.0                 0.5263157894736842   0.38461538461538464  1.2307692307692308  
10.0                 0.5789473684210527   0.38461538461538464  1.2307692307692308  
10.0                 0.631578947368421    0.38461538461538464  1.2307692307692308  
10.0                 0.6842105263157894   0.38461538461538464  1.2307692307692308  
10.0                 0.7368421052631579   0.38461538461538464  1.2307692307692308  
10.0                 0.7894736842105263   0.38461538461538464  1.2307692307692308  
10.0                 0.8421052631578947   0.38461538461538464  1.2307692307692308  
10.0                 0.894736842105263    0.38461538461538464  1.2307692307692308  
10.0                 0.9473684210526315   0.38461538461538464  1.2307692307692308  
10.0                 1.0                  0.38461538461538464  1.2307692307692308  
